clear;
clc;

% Table 2 algorithm

% initial set up of inputs
domain = 2; % domain can be 6 or 4, meanning 6*6 matrix or 4*4 matrix

% Input matrix sigma Test cases 1 2 3 4 5
% X = [16 8 12 -4; 8 5 11 -4; 12 11 70 -31; -4 -4 -31 63];
% X = [16 8 12 -4 16 12; 8 5 11 -4 10 4;12 11 70 -31 40 -19; -4 -4 -31 63 32 59;16 10 40 32 82 50; 12 4 -19 59 50 97];
% X = [16 8 16 12 12 -4; 8 5 10 4 11 -4; 16 10 82 50 40 32; 12 4 50 97 -19 59; 12 11 40 -19 70 -31; -4 -4 32 59 -31 63];
% X = [inf 0 0 0 0 0;0 inf 0 0 0 0;0 0 70 -31 40 -19;0 0 -31 63 32 59;0 0 40 32 73.0182661641055 40.1832415192808;0 0 -19 59 40.1832415192808 57.0922006378658];
% X = [inf 0 0 0 0 0; 0 inf 0 0 0 0; 0 0 73.0182661641055 40.1832415192808 40 32; 0 0 40.1832415192808 57.0922006378658 -19 59; 0 0 40 -19 70 -31; 0 0 32 59 -31 63];

X = [0.00516961 0.008445032; 0.008445032 2.02692169]
% function call
[B V P] = COVtoINF(X, domain)

% format the displayed digits 
format long